21.981 12 8.746
21.969 13 8.747
21.956 9 8.747
21.944 5 8.748
21.931 9 8.749
21.919 7 8.750
21.906 8 8.751
21.894 11 8.753
21.881 10 8.754
21.869 8 8.756
21.856 10 8.758
21.844 10 8.760
21.831 8 8.763
21.819 10 8.766
21.806 5 8.769
21.794 15 8.773
21.781 16 8.777
21.769 7 8.781
21.756 9 8.785
21.744 13 8.791
21.731 3 8.797
21.719 14 8.805
21.706 8 8.814
21.694 14 8.823
21.681 8 8.833
21.669 13 8.842
21.656 11 8.852
21.644 11 8.864
21.631 7 8.877
21.619 5 8.892
21.606 3 8.906
21.594 7 8.918
21.581 12 8.927
21.569 7 8.934
21.556 8 8.941
21.544 8 8.948
21.531 10 8.954
21.519 6 8.959
21.506 11 8.963
21.494 13 8.966
21.481 13 8.970
21.469 6 8.973
21.456 6 8.973
21.444 7 8.970
21.431 8 8.962
21.419 9 8.954
21.406 10 8.946
21.394 4 8.939
21.381 4 8.934
21.369 7 8.930
21.356 10 8.925
21.344 9 8.921
21.331 7 8.917
21.319 16 8.912
21.306 12 8.905
21.294 7 8.896
21.281 10 8.886
21.269 13 8.877
21.256 11 8.869
21.244 6 8.864
21.231 5 8.860
21.219 11 8.857
21.206 6 8.853
21.194 6 8.848
21.181 10 8.840
21.169 8 8.832
21.156 11 8.825
21.144 8 8.821
21.131 10 8.819
21.119 6 8.816
21.106 4 8.813
21.094 6 8.808
21.081 6 8.803
21.069 7 8.800
21.056 11 8.798
21.044 16 8.798
21.031 8 8.800
21.019 9 8.807
21.006 13 8.818
20.994 8 8.833
20.981 6 8.848
20.969 5 8.861
20.956 14 8.873
20.944 8 8.884
20.931 13 8.894
20.919 16 8.904
20.906 9 8.914
20.894 4 8.925
20.881 7 8.935
20.869 10 8.946
20.856 11 8.957
20.844 12 8.968
20.831 15 8.979
20.819 6 8.991
20.806 6 9.002
20.794 8 9.013
20.781 8 9.024
20.769 12 9.035
20.756 13 9.046
20.744 4 9.057
20.731 2 9.066
20.719 12 9.074
20.706 4 9.081
20.694 5 9.087
20.681 4 9.092
20.669 4 9.097
20.656 6 9.102
20.644 7 9.107
20.631 9 9.112
20.619 11 9.117
20.606 9 9.121
20.594 10 9.126
20.581 9 9.131
20.569 5 9.135
20.556 8 9.139
20.544 7 9.143
20.531 14 9.147
20.519 6 9.150
20.506 7 9.153
20.494 17 9.156
20.481 3 9.159
20.469 11 9.161
20.456 12 9.163
20.444 14 9.165
20.431 8 9.166
20.419 7 9.167
20.406 7 9.167
20.394 11 9.165
20.381 7 9.162
20.369 12 9.158
20.356 7 9.153
20.344 7 9.148
20.331 10 9.142
20.319 6 9.137
20.306 7 9.131
20.294 8 9.126
20.281 13 9.121
20.269 13 9.116
20.256 11 9.111
20.244 12 9.107
20.231 12 9.102
20.219 5 9.098
20.206 13 9.094
20.194 12 9.091
20.181 7 9.087
20.169 14 9.084
20.156 16 9.082
20.144 6 9.079
20.131 7 9.077
20.119 11 9.076
20.106 10 9.074
20.094 13 9.074
20.081 6 9.075
20.069 8 9.078
20.056 11 9.083
20.044 8 9.090
20.031 6 9.099
20.019 7 9.108
20.006 6 9.118
