21.981 24 27.453
21.969 28 27.453
21.956 23 27.452
21.944 26 27.453
21.931 31 27.453
21.919 25 27.454
21.906 25 27.454
21.894 19 27.455
21.881 20 27.455
21.869 29 27.456
21.856 36 27.456
21.844 22 27.457
21.831 26 27.457
21.819 24 27.458
21.806 22 27.458
21.794 27 27.458
21.781 20 27.458
21.769 25 27.458
21.756 23 27.458
21.744 23 27.459
21.731 27 27.459
21.719 21 27.459
21.706 27 27.459
21.694 30 27.459
21.681 39 27.460
21.669 25 27.460
21.656 22 27.460
21.644 22 27.461
21.631 20 27.461
21.619 41 27.462
21.606 27 27.462
21.594 33 27.462
21.581 28 27.462
21.569 32 27.463
21.556 32 27.463
21.544 27 27.464
21.531 23 27.464
21.519 26 27.465
21.506 27 27.465
21.494 31 27.465
21.481 32 27.466
21.469 29 27.466
21.456 28 27.466
21.444 19 27.466
21.431 29 27.466
21.419 31 27.467
21.406 28 27.467
21.394 29 27.467
21.381 34 27.467
21.369 42 27.467
21.356 21 27.467
21.344 27 27.468
21.331 27 27.468
21.319 29 27.469
21.306 33 27.469
21.294 31 27.469
21.281 28 27.470
21.269 24 27.470
21.256 30 27.470
21.244 29 27.471
21.231 21 27.471
21.219 21 27.472
21.206 27 27.473
21.194 31 27.473
21.181 43 27.474
21.169 29 27.474
21.156 37 27.474
21.144 35 27.474
21.131 33 27.475
21.119 27 27.475
21.106 28 27.475
21.094 26 27.475
21.081 42 27.475
21.069 24 27.475
21.056 18 27.476
21.044 22 27.476
21.031 22 27.477
21.019 23 27.477
21.006 20 27.478
20.994 31 27.478
20.981 29 27.478
20.969 38 27.479
20.956 27 27.479
20.944 28 27.480
20.931 25 27.480
20.919 31 27.481
20.906 23 27.481
20.894 24 27.481
20.881 30 27.482
20.869 25 27.482
20.856 18 27.482
20.844 23 27.482
20.831 30 27.483
20.819 22 27.483
20.806 33 27.483
20.794 35 27.483
20.781 30 27.484
20.769 24 27.483
20.756 27 27.484
20.744 40 27.484
20.731 27 27.484
20.719 26 27.485
20.706 28 27.485
20.694 35 27.486
20.681 25 27.486
20.669 32 27.487
20.656 19 27.487
20.644 28 27.488
20.631 19 27.488
20.619 25 27.488
20.606 34 27.489
20.594 19 27.489
20.581 33 27.489
20.569 26 27.489
20.556 28 27.489
20.544 20 27.490
20.531 42 27.490
20.519 28 27.491
20.506 30 27.491
20.494 24 27.492
20.481 23 27.492
20.469 33 27.492
20.456 22 27.492
20.444 26 27.492
20.431 29 27.493
20.419 30 27.493
20.406 31 27.493
20.394 21 27.493
20.381 22 27.493
20.369 28 27.494
20.356 24 27.494
20.344 34 27.495
20.331 29 27.495
20.319 23 27.495
20.306 31 27.496
20.294 27 27.496
20.281 15 27.496
20.269 21 27.497
20.256 26 27.497
20.244 29 27.498
20.231 23 27.498
20.219 31 27.498
20.206 20 27.499
20.194 35 27.499
20.181 29 27.500
20.169 31 27.500
20.156 32 27.500
20.144 22 27.501
20.131 28 27.501
20.119 37 27.501
20.106 20 27.501
20.094 31 27.502
20.081 25 27.502
20.069 35 27.502
20.056 27 27.502
20.044 35 27.502
20.031 21 27.502
20.019 23 27.503
20.006 32 27.503
